[9.60837018e-16 5.40215577e-14 1.88528849e-24 1.68229173e-23
 2.31248896e-23 3.58486990e-02 3.62582777e-20 2.10996542e-01
 2.06135554e-06 7.53152697e-01]
[5.17044447e-03 1.91393479e-03 4.69727112e-01 1.21151858e-03
 1.92442382e-01 1.67732996e-08 3.26046402e-01 2.63809690e-08
 3.48805711e-03 1.05354183e-07]
[1.40404665e-18 1.00000000e+00 1.91684865e-23 2.76351848e-11
 8.66754592e-13 2.94417999e-29 8.12551777e-19 1.57814389e-15
 1.40796730e-21 2.01258677e-20]
[8.37856582e-01 5.07808202e-04 7.71035439e-05 3.40709062e-04
 3.37219724e-06 1.38084260e-12 1.61211303e-01 1.07919728e-11
 3.12133825e-06 3.57172324e-10]
[4.73017197e-04 7.54042286e-04 4.79469058e-01 7.19504817e-05
 2.33830014e-01 1.05523423e-11 2.84695464e-01 8.01575666e-11
 7.06453393e-04 5.78303305e-10]
[9.55339318e-20 3.53313714e-11 2.84383473e-27 1.12605777e-23
 3.43252485e-23 1.13175252e-03 1.96368154e-23 9.98559449e-01
 2.69737003e-09 3.08795611e-04]
[1.64679591e-27 1.55709646e-23 2.77997480e-42 9.10762550e-42
 1.01298146e-39 5.15526146e-07 1.06441019e-33 1.33133222e-03
 3.28959821e-13 9.98668152e-01]
[4.34633910e-04 5.38315523e-02 4.12759885e-07 9.43722885e-01
 1.96423886e-03 4.90102847e-11 4.51724819e-05 1.48543599e-07
 9.50964463e-07 5.05720667e-09]
[3.74338204e-16 1.00000000e+00 1.84863196e-20 4.28900000e-10
 2.14673390e-11 5.97249059e-26 2.78444811e-16 5.40712137e-14
 4.40796805e-19 2.64502975e-18]
[1.00424396e-16 1.00000000e+00 4.58615436e-21 2.00622120e-10
 1.02387099e-11 6.43634279e-26 7.04910109e-17 8.31824302e-14
 2.13942665e-19 2.78984856e-18]
[1.00203698e-15 3.94575671e-15 1.29024502e-24 1.75421703e-24
 6.82059202e-24 1.06269880e-02 7.98774942e-20 7.43559477e-02
 1.38893814e-06 9.15015675e-01]
[4.58870627e-04 3.57357406e-04 4.48348557e-01 3.45293897e-05
 2.64377149e-01 4.56470267e-12 2.84442923e-01 2.68926278e-11
 1.98061204e-03 3.15062352e-10]
[7.99478354e-03 2.17252870e-03 4.58471729e-01 2.13680480e-03
 1.87842633e-01 5.31229371e-08 3.36588783e-01 6.10652455e-08
 4.79240484e-03 2.18123663e-07]
[6.86944419e-02 2.45714754e-02 5.92599080e-03 8.29762551e-01
 3.53956801e-02 2.19491124e-04 3.22575163e-02 4.00353686e-04
 2.65091520e-03 1.21584944e-04]
[7.00307315e-05 3.89904005e-04 5.32491405e-01 3.87052639e-06
 2.18097042e-01 6.41859819e-15 2.48875957e-01 2.09875082e-13
 7.17907739e-05 4.06387714e-12]
[7.66739440e-25 1.00000000e+00 3.07062817e-30 2.38862465e-16
 5.74048131e-17 3.08603020e-38 1.44917321e-24 4.07719357e-20
 4.00141440e-28 2.13279680e-26]
[2.53082446e-01 2.09903839e-02 1.59057551e-02 5.56763406e-01
 2.33288692e-02 2.25994190e-04 1.26425284e-01 1.93839368e-04
 2.97732970e-03 1.06692172e-04]
[4.28573397e-23 1.35097565e-19 1.30435332e-35 1.38031427e-34
 8.56111239e-34 1.79002042e-04 6.89618737e-29 2.71829048e-02
 1.28397704e-10 9.72638093e-01]
[3.73172297e-13 9.74385720e-10 1.23738947e-19 1.45506541e-17
 3.79069467e-18 1.27586764e-01 1.43592814e-16 5.50643944e-01
 3.02520474e-06 3.21766266e-01]
[2.25247787e-03 7.48281034e-06 1.96124923e-04 2.82478402e-06
 2.11837175e-04 5.55632166e-05 2.02634842e-03 2.25755180e-05
 9.95144671e-01 8.00947761e-05]
[7.33084456e-01 2.99669525e-03 1.97335944e-03 1.31626420e-02
 2.72221253e-04 5.58328819e-08 2.48340632e-01 8.45028054e-08
 1.69401034e-04 4.52135791e-07]
[1.50204905e-03 1.22315285e-03 4.70802966e-01 2.68853197e-04
 2.23221560e-01 1.49453644e-10 3.01659714e-01 6.45855357e-10
 1.32170139e-03 3.38811437e-09]
[3.80014402e-05 2.80577857e-03 9.56718263e-02 1.05682750e-04
 8.24729504e-01 8.59110570e-18 7.61045798e-02 2.53477907e-14
 5.44627018e-04 2.31086752e-14]
[1.69087625e-04 2.28780756e-07 1.09107895e-06 1.59704744e-08
 2.76762857e-06 5.72670137e-06 4.30572747e-05 5.13684736e-06
 9.99756395e-01 1.64932014e-05]
[5.68078001e-02 5.35083582e-03 4.01656506e-01 3.17028862e-02
 1.49668008e-01 7.01664994e-05 3.37436516e-01 2.03671137e-05
 1.72484495e-02 3.84650931e-05]
[8.17743710e-01 5.88244510e-04 1.86228283e-04 5.30254075e-04
 8.48536695e-06 7.44366364e-12 1.80935379e-01 3.69394128e-11
 7.69694702e-06 1.05800589e-09]
[1.90011639e-01 6.44199736e-03 2.77871598e-01 1.08647400e-01
 8.71126965e-02 1.72613118e-03 2.98009480e-01 2.37863253e-04
 2.95802435e-02 3.60951277e-04]
[0.27095029 0.00966712 0.10980826 0.2843043  0.04816405 0.00910572
 0.24083008 0.00147142 0.0245212  0.00117757]
[2.84139477e-02 3.42668924e-02 9.05052402e-04 9.05009530e-01
 2.06165954e-02 2.23028191e-06 1.04106687e-02 2.75936775e-05
 3.41401122e-04 6.08861168e-06]
[5.36290947e-11 1.21743716e-06 2.73675280e-15 1.04118465e-12
 5.94689772e-13 5.17205670e-02 4.50614785e-13 9.43947616e-01
 1.69101341e-05 4.31368983e-03]
[8.08768118e-01 6.77358819e-04 2.41174775e-04 7.63831274e-04
 1.25178220e-05 2.62213695e-11 1.89524493e-01 1.07317642e-10
 1.25037866e-05 2.44298682e-09]
[2.64645927e-02 4.32942172e-03 4.36140230e-01 1.25839971e-02
 1.68239634e-01 5.51147245e-06 3.42269824e-01 3.03787036e-06
 9.95748228e-03 6.26788112e-06]
[8.70003271e-03 3.52528406e-02 1.53940644e-04 9.40070789e-01
 1.32611486e-02 7.68367482e-07 2.38868486e-03 2.51424975e-05
 1.43781768e-04 2.87127390e-06]
[3.09471141e-22 1.24018081e-19 2.04134565e-34 6.03863000e-34
 1.40254144e-32 8.64958127e-05 1.00607056e-27 1.35186078e-02
 7.90107929e-10 9.86394896e-01]
[2.38682311e-05 5.20011042e-04 3.35303401e-01 1.05508720e-05
 4.75131472e-01 3.62528669e-17 1.88845297e-01 1.19254466e-14
 1.65400006e-04 8.33491857e-14]
[8.54804136e-01 4.35155678e-04 3.44903315e-05 2.11435326e-04
 1.34540953e-06 2.57146606e-13 1.44512204e-01 3.07155854e-12
 1.23280259e-06 1.23478788e-10]
[2.79677330e-16 9.99999999e-01 8.00889595e-20 4.36841762e-10
 7.54324972e-11 7.74603401e-27 5.68805181e-16 1.32276955e-14
 4.91574592e-19 3.60495155e-19]
[1.00791450e-02 7.09742436e-04 3.32374352e-01 1.44036406e-03
 2.67309524e-01 5.94740126e-08 3.33495653e-01 4.60985839e-08
 5.45909225e-02 1.90858655e-07]
[1.39099781e-25 1.00000000e+00 7.26013353e-31 2.26536300e-16
 6.47185480e-17 1.31673130e-40 4.11722882e-25 1.92440414e-21
 7.33260822e-29 2.92684379e-28]
[1.86310032e-04 1.34652874e-05 1.35367724e-06 2.69268427e-06
 5.55208377e-07 8.30418305e-01 1.48309886e-05 1.00949078e-01
 1.83908973e-02 5.00225112e-02]
[1.06973496e-02 4.27149877e-05 4.85225340e-03 4.28067475e-05
 6.87709297e-03 3.76214052e-06 2.89443485e-02 2.03778818e-06
 9.48527640e-01 9.99416862e-06]
[8.45399644e-07 3.35821824e-07 5.24419703e-10 1.39843874e-09
 5.48286503e-10 7.61053373e-01 1.73727931e-08 1.85124066e-01
 6.92188575e-03 4.68994742e-02]
[2.78047170e-08 8.48690793e-10 3.85689612e-13 4.08858128e-13
 1.57468671e-13 6.77788324e-01 8.26615285e-11 1.48942413e-01
 4.72086726e-03 1.68548368e-01]
[6.14930315e-07 2.13152463e-04 2.91518354e-01 2.11528477e-07
 5.78334003e-01 3.99788233e-22 1.29920881e-01 2.69714269e-18
 1.27826304e-05 2.01732851e-17]
[1.23451628e-04 7.48204010e-04 4.35056150e-01 2.41882068e-05
 3.20919578e-01 1.73112376e-14 2.42936084e-01 7.55461418e-13
 1.92344209e-04 5.48760495e-12]
[1.42254884e-07 6.78136683e-09 9.21090525e-12 1.18124170e-11
 4.76483378e-12 7.48626180e-01 8.08857756e-10 1.41459843e-01
 9.35605737e-03 1.00557770e-01]
[8.66216121e-04 5.42015104e-02 1.19265261e-06 9.42271327e-01
 2.54798509e-03 8.77818242e-11 1.10086193e-04 1.54333076e-07
 1.52092671e-06 7.66124104e-09]
[8.51143279e-08 2.52251954e-05 2.08130713e-01 9.85727749e-09
 6.90039847e-01 1.71207727e-25 1.01788194e-01 3.36956421e-21
 1.59264437e-05 8.60898220e-20]
[1.60517942e-27 1.04478347e-23 2.60818824e-42 7.18465999e-42
 7.01870471e-40 1.33011624e-06 7.01474913e-34 2.25854296e-03
 7.58899427e-13 9.97740127e-01]
[7.47432648e-01 1.98388749e-03 1.64764431e-03 6.32004042e-03
 1.61778944e-04 1.61249051e-08 2.42329673e-01 2.47756034e-08
 1.24087960e-04 1.99304305e-07]
[2.22584264e-03 9.67331407e-02 1.58735948e-02 3.88376979e-01
 4.74257322e-01 3.86557691e-11 2.22112547e-02 1.91219470e-08
 3.21845589e-04 2.16798919e-09]
[2.98910677e-16 1.05861490e-14 3.70664689e-25 1.18806225e-24
 5.35187131e-24 4.10948280e-03 2.57528951e-20 6.30220896e-02
 3.24084711e-07 9.32868104e-01]
[5.90015076e-02 1.70357270e-06 2.20868655e-03 1.51836815e-06
 1.71471481e-03 5.71610547e-11 1.12950965e-01 2.70844439e-11
 8.24120901e-01 2.61484155e-09]
[1.90293692e-04 1.09913829e-05 1.07395576e-06 2.27081701e-06
 4.26551251e-07 8.26127066e-01 1.32870849e-05 9.83792494e-02
 1.92417021e-02 5.60336389e-02]
[8.06654367e-01 7.45411475e-04 2.75674940e-04 8.40791577e-04
 1.46957474e-05 4.33405069e-11 1.91455102e-01 1.68844247e-10
 1.39528570e-05 3.61812274e-09]
[1.35192280e-03 1.02246127e-03 4.95783872e-01 1.58238806e-04
 1.98572829e-01 7.28649805e-11 3.02085924e-01 3.15776651e-10
 1.02474938e-03 2.32850333e-09]
[1.80056197e-06 8.37412022e-07 1.54990119e-09 4.62952485e-09
 1.22033198e-09 7.68158600e-01 4.59122807e-08 1.62134163e-01
 4.07988785e-03 6.56246573e-02]
[8.72127689e-05 3.70477813e-04 3.77174005e-01 1.73454919e-05
 3.79957611e-01 2.61007192e-15 2.41845864e-01 1.50471673e-13
 5.47484763e-04 1.15074913e-12]
[8.32813844e-02 4.47975141e-03 3.79753861e-01 3.57795817e-02
 1.36362339e-01 1.37185627e-04 3.31946838e-01 2.91675006e-05
 2.81732628e-02 5.66293355e-05]
[7.94019189e-01 7.83356165e-04 3.97428276e-04 1.12109560e-03
 2.30223871e-05 1.36302570e-10 2.03630118e-01 4.06132284e-10
 2.57829212e-05 7.32141820e-09]
[4.57399104e-06 3.83848193e-09 2.25107031e-08 2.13745726e-11
 9.17005874e-08 4.29246251e-08 1.71777513e-06 9.96398949e-08
 9.99992650e-01 7.97963163e-07]
[5.48479066e-08 1.48169638e-08 4.39526572e-12 9.41898128e-12
 3.32081070e-12 7.33110750e-01 3.45042342e-10 1.68888577e-01
 3.32639658e-03 9.46742070e-02]
[5.28745364e-03 3.36133732e-03 4.10947574e-01 3.47328317e-03
 2.63346702e-01 7.59081852e-09 3.10148150e-01 2.26528349e-08
 3.43541345e-03 5.58691077e-08]
[3.45038617e-02 1.83971966e-02 2.90966099e-01 1.16371970e-01
 2.71487249e-01 3.19395282e-06 2.61035911e-01 6.14998599e-06
 7.22383975e-03 4.52917778e-06]
[2.70975809e-03 4.47120877e-02 1.25234149e-05 9.46487175e-01
 5.57717909e-03 1.14193474e-08 4.83531075e-04 2.58219742e-06
 1.49700339e-05 1.82152915e-07]
[1.57954649e-03 9.17809325e-05 4.20227336e-05 8.61843274e-05
 2.05424993e-05 8.27983326e-01 2.49717710e-04 9.22745837e-02
 4.17620451e-02 3.59102505e-02]
[0.17176928 0.00487371 0.20624276 0.11074235 0.11054537 0.00371966
 0.28202971 0.00051319 0.10901095 0.00055303]
[1.30110010e-03 4.06084612e-06 1.86577958e-05 1.09704418e-06
 2.62714879e-05 3.26900718e-04 3.35865013e-04 1.33303183e-04
 9.97664317e-01 1.88426809e-04]
[1.15695235e-21 5.43068686e-18 2.39936394e-33 5.55117661e-32
 2.03814514e-31 7.12878059e-04 2.57623828e-27 6.38808648e-02
 1.07994788e-09 9.35406256e-01]
[9.98141107e-09 2.83415363e-06 2.18200710e-12 1.29579915e-10
 5.72527145e-11 2.42383944e-01 1.59023777e-10 7.41101952e-01
 3.21961779e-04 1.61892976e-02]
[5.01675868e-04 5.50184040e-02 5.95442782e-07 9.42270769e-01
 2.15043960e-03 8.25408349e-11 5.67405356e-05 1.90001627e-07
 1.17663494e-06 8.51666447e-09]
[2.20424806e-04 4.52844459e-04 4.03648996e-01 4.16886476e-05
 3.31880937e-01 2.82771510e-13 2.62508854e-01 5.25387545e-12
 1.24625437e-03 3.54914668e-11]
[6.69875791e-04 1.50818460e-03 3.52511074e-01 4.34823883e-04
 3.84477983e-01 5.04544789e-12 2.58205731e-01 1.04121808e-10
 2.19232736e-03 2.90386860e-10]
[2.90307216e-01 5.19137206e-02 1.27529934e-02 4.17871260e-01
 3.08577441e-02 1.56734238e-08 1.95952393e-01 1.65312413e-07
 3.44317683e-04 1.73790065e-07]
[3.78701844e-04 6.12742279e-02 1.94961851e-07 9.37123455e-01
 1.18874015e-03 3.56360712e-11 3.40356000e-05 1.46833691e-07
 4.93683435e-07 4.12602801e-09]
[1.08985254e-06 4.56771165e-10 2.57655077e-09 1.02917908e-12
 9.78570679e-09 2.45872666e-08 2.95062883e-07 5.55568571e-08
 9.99998015e-01 5.07065220e-07]
[1.19221141e-14 3.07183658e-08 3.69249355e-20 4.33624688e-17
 5.44888251e-17 8.13537926e-03 2.73636303e-17 9.90789999e-01
 3.21454004e-07 1.07426918e-03]
[3.14537696e-07 1.83607022e-05 3.13541449e-01 1.23040242e-08
 5.36217425e-01 8.03302380e-23 1.50173822e-01 1.72919288e-19
 4.86162803e-05 8.72032759e-18]
[8.32984276e-01 6.07325328e-04 9.67482476e-05 4.63061613e-04
 4.70802646e-06 2.98745037e-12 1.65839890e-01 2.13803210e-11
 3.99050150e-06 6.10181202e-10]
[3.93004638e-07 4.37159103e-11 1.17418212e-08 3.45247075e-14
 1.29210349e-07 1.69749227e-14 1.69789454e-06 2.39662040e-13
 9.99997768e-01 2.71374998e-11]
[5.99546657e-03 3.92373941e-02 6.52876174e-05 9.43438879e-01
 9.75574600e-03 1.60764751e-07 1.43378178e-03 1.05646153e-05
 6.17158911e-05 1.00326243e-06]
[4.46669673e-02 3.19434042e-03 4.14238095e-01 1.44107724e-02
 1.53836046e-01 2.15410550e-05 3.45377110e-01 6.40027906e-06
 2.42329759e-02 1.57514943e-05]
[9.52900880e-03 8.18141787e-03 2.31781502e-01 2.37561925e-02
 4.78370330e-01 7.10753248e-09 2.34020003e-01 5.92378530e-08
 1.43614283e-02 5.11206583e-08]
[9.75721392e-17 1.50723508e-12 1.97256717e-25 4.92384262e-23
 1.38695464e-23 2.69146223e-02 2.78195248e-21 3.71794998e-01
 8.21230855e-08 6.01290297e-01]
[3.42241325e-14 1.20720898e-08 9.84691347e-20 4.60064105e-17
 6.82056014e-17 1.46786953e-02 6.85339568e-17 9.83680513e-01
 1.23136934e-06 1.63954873e-03]
[6.96274979e-24 1.87702545e-20 6.76264595e-37 4.86066191e-36
 8.14117491e-35 6.35177205e-05 6.92891872e-30 1.69746222e-02
 1.15822692e-10 9.82961860e-01]
[1.21676225e-02 1.23190449e-03 3.96914373e-01 2.63359062e-03
 2.24769801e-01 5.45832066e-07 3.34192277e-01 3.10921131e-07
 2.80880610e-02 1.51298542e-06]
[7.92198199e-01 1.12713476e-03 3.84208871e-04 2.01800514e-03
 2.83289462e-05 2.63096168e-10 2.04218673e-01 8.62283219e-10
 2.54374564e-05 1.16591823e-08]
[1.98335448e-10 9.99994586e-01 2.00801559e-13 5.16915996e-06
 2.41540940e-07 7.78404630e-17 1.38008224e-10 2.95714442e-09
 1.57033038e-12 1.62392584e-12]
[7.93356696e-01 8.57814556e-04 4.09148312e-04 1.23287632e-03
 2.45460415e-05 2.16523671e-10 2.04091824e-01 6.32151014e-10
 2.70837094e-05 1.06114168e-08]
[4.88962283e-04 8.88736874e-04 4.90640706e-01 7.43437436e-05
 2.23181823e-01 1.74703294e-11 2.84130243e-01 1.31134451e-10
 5.95182991e-04 8.86404723e-10]
[1.54519793e-02 2.61367988e-02 1.89229600e-01 1.40116337e-01
 4.39620766e-01 5.65886049e-08 1.84392207e-01 5.47584090e-07
 5.05143078e-03 2.77606937e-07]
[4.88258002e-01 8.60928603e-03 3.58773094e-02 1.67834661e-01
 1.17972298e-02 4.22876404e-04 2.80865810e-01 1.21531242e-04
 6.04778378e-03 1.65511261e-04]
[2.10008121e-04 5.75175656e-04 4.93877714e-01 1.55252880e-05
 2.41802247e-01 2.53219468e-14 2.63343703e-01 5.97032637e-13
 1.75626789e-04 6.76980732e-12]
[4.65279028e-18 2.67059398e-09 1.17437071e-24 1.05477473e-20
 1.83497140e-20 1.04025691e-03 3.29591967e-21 9.98706696e-01
 4.01513584e-09 2.53040249e-04]
[2.46892366e-06 4.00548087e-07 1.49799946e-09 3.26720102e-09
 6.72744275e-10 7.72373544e-01 5.29372203e-08 1.27466162e-01
 4.57061482e-03 9.55867511e-02]
[1.53564708e-01 2.86082885e-02 4.47365195e-03 7.34076578e-01
 1.71638084e-02 3.01960295e-05 6.09453822e-02 7.34599530e-05
 1.03122672e-03 3.27007098e-05]
[6.32400264e-01 3.47073655e-03 2.03638641e-02 2.63651809e-02
 3.00101577e-03 4.02871931e-06 3.12279342e-01 1.66605019e-06
 2.10674062e-03 7.16075534e-06]
[1.20404987e-18 1.01982436e-16 5.78743518e-29 2.02230564e-28
 1.43264521e-27 5.74611339e-04 3.31983290e-23 2.61822462e-02
 1.48355290e-08 9.73243128e-01]
[8.97943773e-22 1.00000000e+00 1.91992394e-27 1.26250654e-13
 3.52865667e-15 3.11711802e-32 3.38035966e-22 1.07694397e-16
 1.05442752e-24 4.16905267e-22]
[1.01793178e-01 2.62363799e-02 5.10515453e-03 7.95758192e-01
 2.56045390e-02 1.06215528e-04 4.31184107e-02 2.13191580e-04
 1.99832531e-03 6.64135107e-05]
[2.06784322e-03 6.99124946e-06 3.07281699e-04 2.51262383e-06
 4.67343099e-04 3.71505139e-06 3.01784341e-03 2.40869166e-06
 9.94115759e-01 8.30210056e-06]
[5.13915643e-07 3.54350143e-05 3.37289576e-01 3.24271578e-08
 5.04036541e-01 4.49085075e-22 1.58604678e-01 7.95097133e-19
 3.32235462e-05 2.61475395e-17]
[6.97688960e-23 1.00000000e+00 1.25951133e-27 1.60990483e-15
 8.47062438e-16 6.34892216e-36 2.28621735e-22 3.49084685e-19
 3.55369039e-26 6.96056282e-25]
[4.62228350e-02 5.09215948e-03 4.04405120e-01 2.78005232e-02
 1.59217646e-01 6.47549061e-05 3.38377702e-01 2.11022630e-05
 1.87634375e-02 3.47195216e-05]
[1.07504666e-05 4.06818493e-07 5.40221090e-09 7.18974738e-09
 2.46437552e-09 6.99989119e-01 2.76126770e-07 1.22541842e-01
 1.29672687e-02 1.64490323e-01]
[1.85508182e-05 2.69208089e-04 3.70826348e-01 4.48985537e-06
 4.23430677e-01 3.91938521e-17 2.05266478e-01 7.65696907e-15
 1.84247229e-04 8.51029910e-14]
[7.31401398e-01 2.55102982e-03 2.44061841e-03 9.51802608e-03
 2.78800668e-04 6.90489105e-08 2.53607137e-01 8.77564079e-08
 2.02280730e-04 5.52555028e-07]
[3.82704709e-02 2.59441881e-02 6.68124892e-03 8.45725549e-01
 5.78046018e-02 7.07206414e-05 2.27062941e-02 2.07701433e-04
 2.53887708e-03 5.03482688e-05]
[2.94050627e-02 2.77338501e-03 4.12303189e-01 1.04339875e-02
 1.74619206e-01 8.68283992e-06 3.46860243e-01 3.28753859e-06
 2.35854370e-02 7.51844206e-06]
[1.48864850e-09 1.00443759e-06 1.29900688e-13 1.11929481e-11
 5.14693910e-12 1.83565084e-01 1.43677011e-11 8.00533793e-01
 1.46381375e-04 1.57537350e-02]
[2.02957116e-02 1.37837310e-04 3.31176791e-03 2.31629940e-04
 2.49000442e-03 1.44985300e-03 1.72447029e-02 3.29706064e-04
 9.53965738e-01 5.43049104e-04]
[4.44097492e-03 9.59294718e-06 1.09544182e-03 5.07728679e-06
 1.47361308e-03 2.30824650e-06 9.83454380e-03 1.21447465e-06
 9.83125289e-01 1.19447034e-05]
[8.84382296e-21 2.29987342e-18 3.95019375e-32 2.57427330e-31
 1.13806498e-30 5.06321856e-03 1.60239658e-26 1.20880954e-01
 3.48318650e-08 8.74055793e-01]
[2.62444480e-03 7.45319361e-04 4.22545738e-01 3.90572325e-04
 2.45063294e-01 5.73124963e-10 3.23216541e-01 1.19788115e-09
 5.41408274e-03 6.43533855e-09]
[2.59991873e-25 1.00000000e+00 4.04918677e-30 9.39760024e-17
 8.89918428e-17 5.48054938e-39 1.15026928e-24 1.83368862e-20
 3.87888940e-28 2.30549802e-27]
[1.39379271e-07 4.72899143e-05 3.09667500e-01 1.61831310e-08
 5.62701193e-01 5.32119642e-24 1.27576081e-01 4.70942820e-20
 7.78045329e-06 1.32834054e-18]
[3.32261424e-03 1.54085674e-04 1.09781524e-04 2.40988546e-04
 4.83433259e-05 8.27713652e-01 5.92371050e-04 8.51436299e-02
 4.63967890e-02 3.62777444e-02]
[2.63230441e-13 7.78084106e-11 2.56035450e-20 3.54666633e-19
 5.98472300e-19 4.13818908e-03 2.96977425e-16 6.89186370e-02
 2.99803587e-07 9.26942874e-01]
[5.08313878e-01 6.71120355e-03 4.16764781e-02 1.23501643e-01
 1.07167887e-02 4.76062618e-04 3.00625483e-01 1.12340796e-04
 7.68740885e-03 1.78713683e-04]
[1.12360382e-10 5.42558830e-09 1.24797540e-15 1.77791432e-14
 1.46684463e-14 3.58279569e-01 2.88391209e-13 6.04685593e-01
 3.40870116e-04 3.66939619e-02]
[1.65465836e-11 9.99995114e-01 1.51074647e-14 4.71753316e-06
 1.67993957e-07 1.01312265e-19 1.14132265e-11 5.09825841e-11
 6.72298955e-14 5.54371061e-14]
[1.33985708e-08 9.99571889e-01 1.60237595e-12 4.26502509e-04
 1.36880822e-06 1.04006421e-13 1.69881371e-09 2.24525849e-07
 7.84568689e-11 3.62416878e-10]
[3.69881573e-07 5.82707986e-08 2.28835718e-11 5.10606322e-11
 1.83056693e-11 4.91791991e-01 3.90380631e-09 1.75346298e-01
 2.54968051e-03 3.30311598e-01]
[3.70843363e-21 6.43260099e-19 7.87832139e-33 2.51733038e-32
 2.34155365e-31 3.61331762e-04 1.80848199e-26 2.50467538e-02
 2.32610722e-09 9.74591912e-01]
[7.01605597e-06 1.70913944e-06 1.26460222e-08 2.87733114e-08
 7.25395026e-09 7.97924979e-01 2.69427487e-07 1.37992223e-01
 6.35722222e-03 5.77165319e-02]
[7.13015662e-01 4.26510004e-03 3.33140723e-03 2.19615680e-02
 5.79916332e-04 1.84260273e-07 2.56571949e-01 2.35548258e-07
 2.72942231e-04 1.03521368e-06]
[8.93395582e-06 2.57458687e-04 4.59399482e-01 9.53619626e-07
 3.33752688e-01 6.60542992e-17 2.06540870e-01 9.77199633e-15
 3.96143357e-05 1.42420278e-13]
[8.73212140e-01 2.06944460e-04 1.52043754e-05 5.35354403e-05
 3.70963158e-07 7.11535433e-15 1.26511390e-01 1.26222849e-13
 4.15293235e-07 1.03693973e-11]
[1.87734579e-02 2.73636193e-03 4.13059806e-01 7.79483203e-03
 1.98007091e-01 1.17994407e-06 3.45522987e-01 7.08426308e-07
 1.41018735e-02 1.70241761e-06]
[6.24797563e-07 8.28012977e-05 4.14973156e-01 4.06424246e-08
 4.22457380e-01 2.02825829e-21 1.62477160e-01 3.00912011e-18
 8.83719211e-06 8.82645360e-17]
[1.66382149e-09 5.77318479e-09 2.88966704e-14 1.80557510e-13
 5.52549569e-14 6.01648949e-01 5.00178498e-12 2.88703915e-01
 5.38562296e-04 1.09108566e-01]
[2.87922216e-19 6.52028745e-12 1.79911682e-27 3.26469238e-24
 3.62523826e-24 5.92415695e-03 1.72902175e-23 9.85280994e-01
 4.95996217e-09 8.79484445e-03]
[1.97808515e-01 2.25499390e-02 1.19491565e-02 6.45221658e-01
 2.42661512e-02 3.27828288e-04 9.44736896e-02 3.12295068e-04
 2.94707861e-03 1.43688285e-04]
[1.04697380e-21 2.96807687e-19 1.33266577e-33 4.44641798e-33
 5.27752249e-32 1.29841899e-04 5.93154388e-27 1.49938279e-02
 5.83963390e-10 9.84876330e-01]
[4.66377112e-02 2.98847842e-02 1.82964482e-03 8.80348247e-01
 2.25781292e-02 2.13689169e-05 1.77495704e-02 1.06478984e-04
 8.17915920e-04 2.61492690e-05]
[1.62151478e-03 9.56905332e-04 4.81279672e-01 2.11209624e-04
 2.06081146e-01 3.43251247e-10 3.07923100e-01 1.03998256e-09
 1.92644463e-03 6.45200755e-09]
[3.09251510e-07 1.61852053e-04 3.15356205e-01 1.01220634e-07
 5.55850615e-01 1.08902434e-22 1.28624582e-01 9.11672466e-19
 6.33587917e-06 1.09004061e-17]
[6.59858146e-01 3.91079463e-03 8.17474592e-03 3.41403719e-02
 1.43121084e-03 5.17633332e-06 2.91118159e-01 2.92947947e-06
 1.34949239e-03 8.97418352e-06]
[4.10679758e-04 5.34580267e-02 6.45985334e-07 9.43279118e-01
 2.79957022e-03 2.58227053e-11 5.07641060e-05 8.30629162e-08
 1.10822156e-06 3.46860588e-09]
[1.62561115e-06 1.72148438e-09 3.40576259e-09 4.66077660e-12
 1.12781519e-08 9.22730101e-07 2.83628298e-07 1.51522841e-06
 9.99989382e-01 6.25424821e-06]
[1.15877463e-08 1.04727488e-08 1.95798481e-13 9.78706298e-13
 2.09680792e-13 5.26399944e-01 4.50634489e-11 2.20510277e-01
 5.85534509e-04 2.52504222e-01]
[5.33736162e-18 1.22979006e-15 9.51401987e-28 1.12411431e-26
 1.84475654e-26 1.51167518e-02 6.17015790e-23 1.75276643e-01
 2.06907483e-07 8.09606398e-01]
[1.12937963e-01 2.32570355e-02 1.32816604e-02 7.41887642e-01
 4.08568306e-02 2.62725583e-04 6.35085951e-02 3.17937762e-04
 3.56555018e-03 1.24059751e-04]
[5.56202632e-02 2.59322051e-02 4.44402610e-03 8.50535194e-01
 3.57488663e-02 5.72898881e-05 2.56660808e-02 1.62845038e-04
 1.77963476e-03 5.35951793e-05]
[1.12099160e-23 1.48734828e-20 1.43155967e-36 6.44384262e-36
 1.07464277e-34 4.71020127e-05 1.95223915e-29 1.18387641e-02
 7.23239738e-11 9.88114134e-01]
[5.28650933e-01 5.44153582e-03 5.91749982e-02 5.87860792e-02
 1.18364241e-02 2.54630285e-05 3.31342584e-01 7.29651950e-06
 4.71180468e-03 2.28809507e-05]
[5.34090397e-01 6.46215240e-03 4.49443740e-02 8.45862702e-02
 1.00111185e-02 1.10462404e-04 3.14661746e-01 3.11141277e-05
 5.03344343e-03 6.89214152e-05]
[1.60969293e-11 1.84583511e-08 1.95912158e-16 8.47377578e-15
 8.64477388e-15 1.44740116e-01 5.45745033e-14 8.42112794e-01
 6.15772338e-05 1.30854940e-02]
[8.96848530e-04 8.32307714e-04 5.08396586e-01 7.73289000e-05
 1.93832955e-01 1.02418102e-11 2.95337596e-01 6.22545821e-11
 6.26376375e-04 5.96801045e-10]
[6.25261276e-09 1.27293643e-13 1.75882451e-10 5.69692750e-18
 4.29487271e-09 1.07338795e-18 7.97771934e-08 6.20111178e-17
 9.99999909e-01 6.64018691e-14]
[5.96963139e-18 1.00000000e+00 1.73388890e-22 1.86100450e-11
 1.38581335e-12 5.43949585e-29 5.55510605e-18 1.19734522e-15
 3.52452274e-21 2.67397359e-20]
[8.84495891e-01 1.50960129e-04 7.50110374e-06 3.03826572e-05
 1.58836878e-07 9.25826960e-16 1.15314911e-01 2.32734351e-14
 1.94799940e-07 2.48570511e-12]
[4.56803611e-04 4.24624979e-05 5.86132980e-06 1.52836426e-05
 3.17120921e-06 8.27879156e-01 4.92466901e-05 1.06235565e-01
 2.47657864e-02 4.05466639e-02]
[3.03838496e-06 2.83591437e-05 5.10943609e-01 2.20398507e-08
 2.88642275e-01 1.90091601e-19 2.00345815e-01 2.37710108e-17
 3.68817915e-05 4.84625640e-15]
[5.83277861e-06 5.21284294e-09 1.92992792e-08 3.47956800e-11
 9.04636999e-08 4.15665850e-08 1.48221518e-06 9.44044579e-08
 9.99992181e-01 2.53344039e-07]
[7.48386850e-01 1.92724409e-05 7.89654570e-04 3.27215790e-05
 9.09979470e-05 6.42928244e-12 2.43503517e-01 4.01714137e-12
 7.17698589e-03 6.67345471e-10]
[2.10121002e-04 1.67469211e-03 3.66554995e-01 1.93133808e-04
 4.00681085e-01 1.33477837e-13 2.30198253e-01 8.11572483e-12
 4.87719948e-04 2.22018022e-11]
[3.63357718e-01 5.31052427e-03 1.43044841e-01 1.00913915e-01
 3.68150380e-02 8.55197201e-04 3.24864303e-01 1.17339358e-04
 2.45066302e-02 2.14493643e-04]
[2.85048596e-15 9.99999997e-01 3.12158833e-19 2.47514527e-09
 1.27955222e-10 2.86425687e-24 2.22067100e-15 4.22617270e-13
 5.79664220e-18 3.26090669e-17]
[9.32078243e-03 1.86461626e-01 1.39584677e-04 7.83430897e-01
 1.52858347e-02 3.70915326e-10 5.35228256e-03 2.14108216e-07
 8.75317957e-06 2.51283653e-08]
[5.11945020e-28 1.00000000e+00 5.30160610e-34 3.19743731e-18
 6.86099823e-19 1.74949759e-42 9.34036021e-28 4.25222840e-22
 2.36668993e-31 3.82463554e-29]
[2.00026533e-04 4.54448881e-01 8.95067829e-02 1.16453265e-03
 3.99652572e-01 5.98881552e-12 5.50118287e-02 1.24538634e-08
 1.53631960e-05 5.03966232e-10]
[1.07155690e-01 2.64502820e-02 1.59218026e-02 7.23172476e-01
 5.20166391e-02 6.60637221e-05 7.17002535e-02 1.20280921e-04
 3.34980485e-03 4.67076046e-05]
[4.58901641e-02 2.71445380e-02 3.37233061e-03 8.66952909e-01
 3.44278780e-02 4.74135159e-05 2.04460325e-02 1.66332651e-04
 1.50939307e-03 4.30085769e-05]
[2.63843027e-13 3.31959682e-12 1.11126260e-20 4.26041019e-20
 5.40797747e-20 1.56978094e-02 1.70630229e-16 8.95234135e-02
 1.46681612e-06 8.94777310e-01]
[1.74517662e-03 8.52522903e-04 4.59873710e-01 2.41121941e-04
 2.24797506e-01 3.83714483e-10 3.09461130e-01 1.06805302e-09
 3.02882522e-03 5.71695113e-09]
[6.32440220e-04 5.90637899e-04 3.24514994e-01 1.71559482e-04
 3.96018740e-01 2.20189055e-12 2.73096594e-01 3.19124286e-11
 4.97503468e-03 1.40141114e-10]
[1.10520320e-18 1.00000000e+00 4.09076813e-22 5.16324586e-12
 2.86965318e-12 1.98596063e-29 4.33696339e-18 8.00383823e-16
 3.87940060e-21 1.13185007e-20]
[2.99085562e-17 3.81925847e-15 8.79488419e-27 6.81177851e-26
 1.44344763e-25 4.21481761e-03 1.08669163e-21 8.01363787e-02
 6.59402327e-08 9.15648738e-01]
[3.63642934e-04 1.24575152e-05 2.81316881e-06 4.70839984e-06
 1.10353360e-06 8.24334763e-01 2.80862338e-05 8.86812307e-02
 3.57263649e-02 5.08448300e-02]
[0.21202801 0.00502434 0.21366572 0.12571366 0.08098497 0.00567932
 0.28722861 0.00063503 0.06835551 0.00068484]
[1.23658618e-03 5.09768835e-04 4.32635326e-01 1.10287501e-04
 2.56836390e-01 1.64868390e-11 3.05991621e-01 6.62089301e-11
 2.68001927e-03 5.41155711e-10]
[3.45920533e-03 1.30131775e-03 4.26619260e-01 1.01020832e-03
 2.42781651e-01 9.37010548e-09 3.18307263e-01 1.62540009e-08
 6.52101350e-03 5.47891885e-08]
[6.58996598e-17 1.00000000e+00 2.68280813e-20 6.54119051e-11
 2.54228046e-11 8.36284398e-27 1.84414814e-16 1.87376839e-14
 2.20467440e-19 3.39771624e-19]
[2.24300650e-04 1.81894511e-04 2.68598962e-01 2.46152437e-05
 4.82705594e-01 5.96008801e-14 2.37957183e-01 1.60011242e-12
 1.03074501e-02 1.59356016e-11]
[5.47732557e-05 8.68843572e-08 8.51013903e-06 2.58471382e-09
 3.24989513e-05 9.30718097e-10 1.85004331e-04 2.73940162e-09
 9.99719099e-01 2.09074808e-08]
[1.96550680e-03 1.08093863e-04 4.80958451e-05 1.11230696e-04
 1.95886617e-05 8.35643204e-01 3.07256996e-04 8.73969718e-02
 3.16530599e-02 4.27469917e-02]
[2.35123007e-14 4.22815840e-13 1.48429846e-22 6.28330399e-22
 1.67614719e-21 1.97838646e-03 1.06419024e-17 3.54428917e-02
 2.44636103e-07 9.62578477e-01]
[7.86924959e-15 1.30955195e-08 1.39793674e-20 1.29484735e-17
 1.34977733e-17 1.16456383e-02 1.25931896e-17 9.86149180e-01
 2.75866675e-07 2.20489320e-03]
[1.27921946e-01 2.19916653e-02 3.27763772e-02 6.47496864e-01
 6.17762709e-02 5.69187360e-04 9.96519946e-02 4.53948806e-04
 7.16412114e-03 1.97624873e-04]
[1.82536407e-09 7.73587129e-10 5.52393932e-15 1.27624755e-14
 7.65538258e-15 2.61660474e-01 4.45539737e-12 2.02234261e-01
 4.12877710e-04 5.35692385e-01]
[3.59159544e-03 1.48442313e-05 1.75067945e-03 6.99177359e-06
 2.95955191e-03 6.47725318e-07 1.15249340e-02 4.94733585e-07
 9.80147834e-01 2.42630677e-06]
[6.57151704e-02 2.71858767e-03 3.69021418e-01 2.00716874e-02
 1.51570066e-01 6.07837743e-05 3.42713332e-01 1.26392376e-05
 4.80868834e-02 2.94325012e-05]
[1.09362064e-17 7.45767234e-13 1.21109791e-26 3.44258619e-24
 1.05131934e-24 1.24957724e-02 3.00907371e-22 2.96255694e-01
 1.14383381e-08 6.91248522e-01]
[8.52497603e-01 3.99681422e-04 4.16466856e-05 1.97476320e-04
 1.56407695e-06 1.82902201e-13 1.46860668e-01 2.05725560e-12
 1.36027538e-06 9.11489963e-11]
[5.01679080e-03 1.42244578e-05 9.75498538e-04 8.42161321e-06
 1.26072246e-03 3.91129802e-06 8.50772176e-03 2.10751075e-06
 9.84202087e-01 8.51407864e-06]
[0.15095664 0.01464506 0.07838563 0.50764282 0.08323146 0.00453912
 0.13803467 0.00135064 0.02054774 0.00066623]
[4.21867468e-07 9.69070795e-01 1.81313573e-09 3.05049329e-02
 4.23608809e-04 1.89547935e-16 2.38868321e-07 5.83443960e-10
 6.02866148e-10 6.95661075e-12]
[3.02027026e-04 6.57145904e-07 5.66572479e-06 6.18466099e-08
 1.07679555e-05 7.80835185e-06 1.31551296e-04 5.86508692e-06
 9.99519791e-01 1.58042715e-05]
[2.10122065e-04 6.56140258e-04 4.82046927e-01 2.90541227e-05
 2.49456604e-01 7.79701472e-13 2.67258501e-01 1.17452848e-11
 3.42651656e-04 9.31755081e-11]
[3.27573626e-13 1.07542991e-07 2.46729697e-18 2.33516122e-15
 1.74719177e-15 1.78438095e-02 1.07744189e-15 9.80168070e-01
 1.55825031e-06 1.98645502e-03]
[1.12778952e-01 1.82782224e-02 3.47600635e-02 6.69890424e-01
 6.89585107e-02 1.52939033e-03 8.26070161e-02 8.79779819e-04
 9.94778719e-03 3.69853721e-04]
[8.19077305e-01 6.49749663e-04 1.65067372e-04 6.29507186e-04
 8.31809623e-06 1.24152745e-11 1.79462142e-01 6.34293249e-11
 7.90898141e-06 1.54480017e-09]
[8.55117441e-15 1.34937093e-09 5.43102490e-21 1.42488016e-18
 1.08456404e-18 4.20470350e-02 6.09235306e-18 9.40237427e-01
 5.16449308e-07 1.77150202e-02]
[2.76203896e-04 1.91247273e-05 2.26275604e-06 5.63039526e-06
 2.04493583e-06 7.78173148e-01 2.25510170e-05 1.32593456e-01
 6.00637294e-02 2.88418487e-02]
[1.54725076e-16 1.47047060e-14 1.23729111e-25 8.61088307e-25
 2.01369815e-24 5.71227767e-03 8.25652663e-21 8.84446126e-02
 1.94736093e-07 9.05842915e-01]
[2.79954327e-02 2.87034869e-02 1.12947537e-03 9.07880233e-01
 2.34583733e-02 2.11333816e-05 9.84627099e-03 1.31956175e-04
 8.07291661e-04 2.63460412e-05]
[0.33147949 0.00895783 0.07783028 0.27073241 0.03194261 0.00724913
 0.24900135 0.00120144 0.02057705 0.00102842]
[7.48807248e-03 3.46818321e-02 1.53035400e-04 9.40374467e-01
 1.50290734e-02 7.30371612e-07 2.08755689e-03 2.51768798e-05
 1.57388776e-04 2.66684477e-06]
[8.64820996e-01 2.57243418e-04 2.29331493e-05 8.67640437e-05
 6.42401768e-07 2.08843451e-14 1.34810781e-01 3.08070662e-13
 6.40138280e-07 2.07206218e-11]
[1.19829991e-17 5.97929219e-10 2.42619787e-24 8.32801152e-21
 1.84938404e-20 1.87931146e-03 6.89114345e-21 9.97866824e-01
 2.46800918e-08 2.53839301e-04]
[1.97324243e-02 3.44947727e-02 3.97841572e-04 9.23931577e-01
 1.51812897e-02 1.08524963e-06 6.02729128e-03 2.03862437e-05
 2.09253729e-04 4.07805134e-06]
[1.00167249e-18 7.97678744e-16 1.11731302e-28 8.88742251e-28
 2.81436044e-27 6.69991396e-04 4.79165088e-23 3.36262257e-02
 2.25971389e-09 9.65703781e-01]
[7.18379630e-01 2.23649538e-03 3.09251904e-03 1.06259175e-02
 3.56763640e-04 1.05702416e-07 2.64971802e-01 1.06988650e-07
 3.36029683e-04 6.30375438e-07]
[7.26089489e-04 6.20751292e-04 4.42172325e-01 1.13418808e-04
 2.60517254e-01 3.15439459e-11 2.93950181e-01 1.55999707e-10
 1.89997950e-03 9.73637359e-10]
[6.99822334e-01 3.13293178e-03 4.73787305e-03 1.73388310e-02
 6.44093585e-04 5.39053478e-07 2.73818670e-01 4.56485654e-07
 5.02179168e-04 2.09188890e-06]
[3.28807527e-04 7.02747073e-04 5.03512175e-01 3.58952952e-05
 2.17255773e-01 2.45955881e-12 2.77790212e-01 2.56284721e-11
 3.74389647e-04 2.29886445e-10]
[3.02864913e-03 6.15702254e-02 7.15976944e-04 8.55660045e-01
 7.56382686e-02 2.57892780e-09 3.29460977e-03 5.72225225e-07
 9.15984577e-05 5.13935628e-08]
[9.30685194e-05 1.01090398e-05 5.74264217e-07 1.24363603e-06
 3.77760441e-07 8.14226132e-01 6.63276828e-06 1.22225584e-01
 2.36638647e-02 3.97724137e-02]
[5.24017642e-04 1.06290339e-03 4.85215004e-01 8.35418098e-05
 2.34147170e-01 6.49500560e-12 2.78506162e-01 6.59225871e-11
 4.61200284e-04 4.11298785e-10]
[1.25524905e-02 7.99884281e-02 1.76254847e-04 8.90861467e-01
 1.18624784e-02 7.11288342e-08 4.49855344e-03 5.48370185e-06
 5.39408919e-05 8.32116582e-07]
[6.27890585e-17 1.00000000e+00 4.14252013e-21 7.66130258e-11
 7.05822138e-12 1.69152019e-26 6.40532439e-17 3.37048964e-14
 1.09463630e-19 1.34223527e-18]
[7.09585874e-18 8.23651618e-17 5.18784301e-28 8.84063874e-28
 5.51751961e-27 1.97385818e-03 1.83062680e-22 3.89225534e-02
 1.10368810e-07 9.59103478e-01]
[5.87193043e-04 7.25003505e-04 4.36048389e-01 1.24970072e-04
 2.78323234e-01 2.58259412e-11 2.82566987e-01 1.73230904e-10
 1.62422212e-03 9.96651489e-10]
[6.08631320e-02 3.73973882e-02 6.49319268e-02 5.55882976e-01
 1.66971831e-01 1.74917901e-05 1.10775538e-01 5.31907882e-05
 3.08761464e-03 1.89107925e-05]
[8.26668303e-15 9.99999983e-01 1.19765573e-15 9.47260699e-10
 1.61332161e-08 6.86858298e-26 4.09349497e-13 1.31192091e-14
 1.84634902e-16 5.34132278e-19]
[8.93564838e-01 1.18064728e-04 4.47460240e-06 1.83832345e-05
 8.04507623e-08 1.53126701e-16 1.06294063e-01 5.15359126e-15
 9.53655625e-08 7.30747344e-13]
[7.00842712e-04 1.11977141e-03 5.09113752e-01 9.12687404e-05
 2.01570046e-01 1.96810575e-11 2.86965841e-01 1.44665600e-10
 4.38477540e-04 1.06737109e-09]
[1.29258105e-09 5.47121989e-08 3.65362658e-14 6.79301707e-13
 3.07884514e-13 4.29963390e-01 5.00765253e-12 4.93006534e-01
 3.79324042e-04 7.66506956e-02]
[7.17332892e-01 2.87077406e-03 2.99414870e-03 1.38363009e-02
 4.03619864e-04 2.44539425e-07 2.62206282e-01 2.55711624e-07
 3.54298866e-04 1.18398150e-06]
[3.24210287e-04 5.91861845e-04 4.25801343e-01 6.67686180e-05
 2.99097524e-01 1.56268714e-12 2.73125603e-01 1.81779224e-11
 9.92689021e-04 1.13983722e-10]
[8.01410674e-01 1.53735201e-03 2.85459831e-04 2.69971237e-03
 2.64220629e-05 1.74901759e-10 1.94024651e-01 7.84502401e-10
 1.57192910e-05 9.42501627e-09]
[3.87163297e-04 8.59904442e-04 5.08760482e-01 4.63725383e-05
 2.11837818e-01 6.57152873e-12 2.77754426e-01 6.00355884e-11
 3.53832634e-04 5.20561535e-10]
[3.43972626e-06 1.83393063e-04 3.55186951e-01 6.47712593e-07
 4.69187703e-01 1.75637580e-19 1.75384056e-01 1.48808288e-16
 5.38085557e-05 1.74830144e-15]
[8.08431549e-01 8.69821068e-04 2.36574393e-04 1.06378369e-03
 1.45862903e-05 5.33602441e-11 1.89370162e-01 2.25024052e-10
 1.35185499e-05 4.15616783e-09]
[5.55294665e-22 2.19007810e-18 8.91281410e-34 1.38791143e-32
 5.95330131e-32 3.04911442e-04 1.96134216e-27 3.59160009e-02
 2.65419045e-10 9.63779087e-01]
[1.63535103e-03 5.24361338e-06 1.95713120e-04 1.61972959e-06
 3.04893936e-04 5.35048230e-06 2.07470576e-03 3.36379461e-06
 9.95761560e-01 1.21980566e-05]
[7.94965303e-16 9.99999999e-01 6.50891847e-20 1.14604273e-09
 5.81711801e-11 2.22219628e-25 6.48534959e-16 1.05829625e-13
 1.43108933e-18 6.42876512e-18]
[2.44836036e-13 3.23720955e-09 4.33591186e-19 5.01527855e-17
 3.39117895e-17 9.02945877e-02 2.86492041e-16 8.87344408e-01
 4.31568064e-06 2.23566858e-02]
[9.31329977e-07 3.14322875e-07 4.21424285e-10 1.28477824e-09
 3.37551736e-10 7.61855486e-01 1.61683776e-08 1.64016414e-01
 4.67234310e-03 6.94544927e-02]
[0.37685651 0.00752379 0.07962116 0.20498749 0.02628248 0.00696739
 0.27384468 0.00100806 0.02192429 0.00098414]
[1.01756033e-01 3.02753953e-03 2.89721714e-01 4.46372016e-02
 1.42305097e-01 4.05894608e-04 3.31905398e-01 6.41329086e-05
 8.60699564e-02 1.07033296e-04]
[4.72606209e-04 6.17810202e-04 4.30223280e-01 8.56685936e-05
 2.88470510e-01 1.00037329e-11 2.78326230e-01 7.86320960e-11
 1.80389443e-03 4.78700246e-10]
[4.45883524e-04 6.90316414e-04 4.11368724e-01 1.17173873e-04
 3.11274069e-01 3.39739266e-12 2.74572534e-01 3.96480297e-11
 1.53129885e-03 2.06700024e-10]
[2.19458257e-10 3.76170933e-07 1.25319878e-14 1.05292183e-12
 8.65196169e-13 1.12059542e-01 1.86601027e-12 8.80929337e-01
 9.71638529e-05 6.91358121e-03]
[5.33764773e-07 9.99645521e-01 9.17701265e-09 2.82093841e-04
 7.03316446e-05 4.04531633e-17 1.51064070e-06 9.08542099e-11
 2.98221448e-10 6.49427377e-13]
[8.12475743e-02 6.10253401e-03 2.13482489e-01 6.90356732e-02
 2.30645485e-01 2.15518449e-04 2.70666357e-01 8.94336822e-05
 1.28449834e-01 6.51013108e-05]
[0.15425704 0.00798003 0.27019622 0.14892252 0.10317625 0.00244674
 0.28349052 0.00039499 0.02870088 0.00043479]
[2.72032834e-03 8.78806551e-04 4.06541153e-01 5.98998687e-04
 2.63756017e-01 1.35674482e-09 3.18760542e-01 2.86086613e-09
 6.74413814e-03 1.22664299e-08]
[7.02662358e-01 2.24829311e-03 5.25384702e-03 1.08056297e-02
 5.85572308e-04 2.33666940e-07 2.77897062e-01 1.79628416e-07
 5.45721179e-04 1.10367989e-06]
[3.93193334e-16 2.55787075e-09 2.84265557e-22 4.71271397e-19
 8.31661161e-19 4.92928354e-03 3.99006504e-19 9.94491480e-01
 1.39363009e-07 5.79094093e-04]
[2.39248139e-14 8.48245030e-09 7.41924330e-20 2.27650480e-17
 3.76083493e-17 1.84532915e-02 5.05840200e-17 9.79438899e-01
 1.05575391e-06 2.10674551e-03]
[1.55838870e-01 2.00998905e-02 1.81856545e-02 6.75828500e-01
 3.50522120e-02 2.16441849e-03 8.47631819e-02 1.25984158e-03
 6.28228526e-03 5.25145811e-04]
[3.78916326e-01 3.63983902e-03 1.49931665e-01 4.58610902e-02
 3.53923151e-02 9.59563524e-05 3.58837669e-01 1.56675406e-05
 2.72673888e-02 4.20836245e-05]
[2.20869860e-05 2.90619184e-08 1.63196058e-06 4.39293838e-10
 5.40693791e-06 2.74031715e-09 4.54967119e-05 6.81156370e-09
 9.99925281e-01 5.75467188e-08]
[8.54419066e-03 3.51040105e-05 2.86189526e-03 3.33359578e-05
 3.43325010e-03 1.06914468e-05 1.77840021e-02 4.83982313e-06
 9.67272337e-01 2.03532919e-05]
[8.05726140e-01 1.03823352e-03 2.59225871e-04 1.43995078e-03
 1.74902320e-05 9.48748665e-11 1.91504443e-01 3.97354982e-10
 1.45102272e-05 6.28848308e-09]
[3.22440431e-04 6.58412325e-08 2.95072497e-06 3.81914949e-09
 6.33440172e-06 1.51290392e-08 1.91317850e-04 1.62746992e-08
 9.99476477e-01 3.78648213e-07]
[1.66610512e-03 6.74009969e-06 2.99689500e-05 2.14969556e-06
 2.58250274e-05 6.09781053e-03 3.58507188e-04 1.36181589e-03
 9.89266341e-01 1.18473690e-03]
[6.69263524e-14 2.97353716e-08 3.83374641e-19 2.27755733e-16
 3.43646947e-16 1.26436987e-02 1.99191093e-16 9.86373224e-01
 1.52968892e-06 9.81518086e-04]
[4.66625504e-01 8.25567257e-03 3.86324919e-02 1.86138082e-01
 1.32395372e-02 9.80000896e-04 2.77012312e-01 2.40926773e-04
 8.58965751e-03 2.85815952e-04]
[1.29247451e-24 1.00000000e+00 1.72749607e-30 3.93589965e-15
 1.57282244e-16 4.33907113e-38 9.51256299e-25 6.74993828e-20
 5.83843020e-28 4.42290180e-26]
[1.10963849e-22 1.00000000e+00 1.56352223e-27 1.47467326e-14
 3.47438884e-15 8.49063514e-36 2.31293153e-22 5.78924396e-19
 9.20663253e-26 5.29998720e-25]
[1.05451416e-03 4.78573220e-02 3.06182766e-06 9.46777667e-01
 4.14188087e-03 6.20610869e-10 1.60566028e-04 5.07090786e-07
 4.45291136e-06 2.76132172e-08]
[4.33068569e-03 1.64175051e-03 4.61036658e-01 1.00936579e-03
 2.03248520e-01 1.53276118e-08 3.24548954e-01 2.45209240e-08
 4.18393382e-03 9.21943921e-08]
[8.76418215e-01 2.18385287e-04 1.15475576e-05 6.08707752e-05
 3.00976735e-07 4.45775353e-15 1.23290371e-01 9.38324663e-14
 3.09009487e-07 7.32686254e-12]
[2.57969000e-05 1.28871433e-06 3.88364536e-08 6.87110990e-08
 1.36662208e-08 8.01834686e-01 9.35466754e-07 1.05816959e-01
 1.16562088e-02 8.06640040e-02]
[5.37997611e-16 2.23629771e-10 1.73026499e-22 5.17814739e-20
 9.79605265e-20 1.74851480e-02 2.91217512e-19 9.79304754e-01
 4.69760638e-07 3.20962757e-03]
[3.91776116e-13 6.56547963e-09 1.53513572e-18 2.24286984e-16
 3.19178403e-16 4.38824113e-02 7.99024464e-16 9.52688717e-01
 1.11493837e-05 3.41771612e-03]
[7.88074688e-05 8.00941765e-06 3.93228255e-07 8.34290097e-07
 1.93615901e-07 8.21476226e-01 5.18079291e-06 1.14478949e-01
 1.54250609e-02 4.85263459e-02]
[2.08574349e-03 7.87201588e-05 4.20454275e-05 8.69211363e-05
